3.762789002136479155e+00
3.474394003900473038e+00
7.883008505575610059e+00
3.834078960774752076e+00
6.812754165308962939e+00
6.470366817862912789e+00
2.988506674962521537e+00
3.208668907971354844e+00
4.868800964319497382e+00
5.671001645601497110e+00
4.923549314744864347e+00
4.292968015764470735e+00
1.889325759529706161e+00
4.789685282013888212e+00
4.980421036105132870e+00
8.512435338046966393e-01
4.897789140066037383e+00
5.507461450382426627e+00
5.435763724665394037e+00
5.187271591017728944e+00
7.092710466767611521e+00
2.470963133842790871e+00
3.042707750225339680e+00
4.339393143295692035e+00
2.860951423620755385e+00
4.650683680019913169e+00
3.800962001161110937e+00
3.166729268295843891e+00
-1.644843992025659674e-01
3.591658883819755843e+00
4.511148987479990602e+00
8.164707492960092239e+00
4.003556075018924965e+00
5.201147966939254630e+00
7.280130823846096888e+00
5.544062674012241843e+00
9.104730515714068773e+00
3.106516308587009334e+00
4.144232243077802025e+00
5.465465252580749222e+00
5.227747728065117450e+00
3.600346295813839692e+00
4.416930693862227031e+00
9.527024257509072669e+00
5.791362592134789544e+00
6.595076664806870603e+00
6.433467804401054480e+00
2.478376933659280912e+00
6.749258488589619631e+00
6.536904692862462340e+00
4.053577299779759002e+00
5.059699556634391193e+00
9.565802591316938219e+00
7.595920627940360603e+00
8.496107742178777400e+00
4.504532297871048030e+00
8.752174857513203676e+00
7.957138076377774816e+00
7.590252271077404522e+00
6.699942563251296335e+00
4.951058620282033473e+00
7.794634564655798847e+00
1.003663789664233263e+01
7.965182138920071431e+00
5.822510405563328995e+00
7.007320304484710327e+00
1.157503470748857666e+01
6.890060070140777704e+00
7.133760912789586683e+00
7.256326825675274428e+00
9.507031166801102273e+00
1.106588732306131284e+01
6.881941205578079312e+00
8.960834065427285111e+00
9.044885348207346354e+00
8.526246042303320394e+00
7.823242977372175666e+00
8.834637700575580510e+00
6.528714255920982978e+00
6.993253043749056985e+00
8.617861373714823969e+00
6.598336940404891493e+00
1.128495628134450612e+01
8.407755828702631717e+00
4.154016333801029859e+00
9.063624938027487588e+00
8.912751701324692633e+00
1.123127221881954618e+01
8.669373499308598241e+00
7.499086793791822636e+00
6.054362908424483436e+00
8.952044163003883170e+00
1.020307502805927058e+01
6.173187117430575022e+00
1.199411452046340720e+01
8.138420771799086850e+00
1.238646143288130652e+01
8.646087387392414669e+00
1.042479790079151591e+01
9.507512727433407917e+00
1.341546831003913987e+01
1.023487907167434230e+01
1.478224249814619284e+01
9.223105932713650645e+00
9.316641086454698240e+00
1.016772956686451579e+01
9.219551314538691145e+00
7.620468789640403529e+00
9.915399558528692481e+00
9.487763907222639403e+00
1.178139213873481239e+01
7.886316196945838186e+00
1.219885700974291964e+01
1.486328804875325638e+01
1.098077542932853312e+01
1.210001990289924478e+01
1.196451233470635067e+01
1.256578694985682532e+01
1.077565007621344151e+01
1.131195040209088987e+01
9.180213276977253756e+00
1.719508319013446851e+01
1.409404822150041703e+01
1.427585572049386897e+01
1.029997315425386795e+01
1.415795276151542481e+01
9.142758115425165144e+00
1.043286422058056928e+01
1.338336733455423477e+01
8.447298766696590633e+00
1.479220789073791664e+01
1.442720979253396685e+01
1.418267942834101625e+01
1.599678430063196721e+01
1.334967777014568568e+01
1.629576717330006375e+01
1.755551227749480603e+01
1.411233001788660246e+01
1.418339996656841961e+01
1.171347216017219850e+01
1.513308658143730590e+01
1.455593899281343795e+01
1.272656386566811726e+01
1.391301388806884987e+01
1.359896460229350446e+01
1.456806691520871055e+01
1.471052678267902181e+01
1.757945355823542855e+01
1.346672766662681653e+01
1.457493918491474183e+01
1.244537528963676110e+01
1.475130909793385570e+01
1.736450864214610945e+01
1.670928621678930881e+01
1.544427316660553018e+01
1.735136498216609979e+01
1.742588436809388952e+01
1.409667702039787862e+01
1.588971026643604212e+01
1.510571241134375597e+01
1.451547525373026559e+01
1.880024587882777354e+01
1.290790458671709828e+01
1.336889595935960351e+01
1.647840611410984479e+01
1.674007337725750233e+01
1.743378688142665922e+01
1.734733038738132649e+01
1.661165917714302509e+01
1.791273946222349522e+01
1.882752881831365599e+01
1.530337959155399297e+01
1.887463161465826289e+01
1.864412915763134748e+01
1.567128690919845901e+01
1.564579573365798382e+01
1.567002156693972559e+01
1.841979563278113829e+01
2.041504590668090913e+01
1.681798838278033514e+01
1.711702924896594524e+01
1.935960963291207548e+01
2.045857096308971634e+01
1.943769012731190315e+01
2.091597050562233306e+01
1.890342976668198816e+01
1.858335157557704775e+01
1.942239734565107412e+01
1.763586906076080041e+01
1.851514962833363143e+01
1.641627731881103003e+01
1.877906954742891799e+01
1.688083457647508467e+01
1.821107234220212234e+01
1.844228598057552304e+01
1.832302522246935439e+01
2.404682886601015213e+01
1.846876129988073245e+01
1.972072382015237224e+01
2.161458809176968998e+01
1.698649844543237464e+01
2.014414084779141589e+01
1.944762871831590800e+01
2.136608774736207295e+01
2.269880653637433454e+01
1.981539904680158415e+01
2.191129661453704713e+01
1.898330840599681579e+01
2.062063477641330778e+01
2.104374956800141305e+01
2.267293403576762856e+01
2.198782244600870328e+01
2.269581950903369005e+01
2.220609313008711538e+01
1.913995485971264543e+01
2.014016629720457630e+01
2.472933683463258703e+01
2.079388171353293302e+01
2.244192509650711287e+01
2.309912106470710569e+01
2.420015285472084443e+01
2.169781742536786595e+01
2.546064834617786232e+01
2.055286525576732259e+01
2.108942941413885208e+01
2.050059619905344732e+01
1.996166905311918427e+01
2.532463943492429692e+01
2.092736409659552876e+01
2.090015506510344068e+01
2.657635961141785330e+01
2.468820041053012204e+01
2.453103912863219449e+01
2.310637108449996902e+01
2.522032761386345356e+01
2.490861085074276460e+01
2.442923083169105780e+01
2.391531322531545811e+01
2.577427747265511471e+01
2.459546930601966253e+01
2.461192353034850910e+01
2.562736500955374197e+01
2.271999982921814620e+01
2.485163590529135291e+01
2.436988612309946234e+01
2.681035097122790489e+01
2.616330014401918902e+01
2.514491355927037475e+01
2.621409928035726722e+01
2.761906482938695362e+01
2.555530651060023928e+01
2.609439601173300360e+01
2.427902622527854248e+01
2.534771887269528179e+01
2.503481346277850506e+01
2.487650142576937284e+01
2.783463921198771374e+01
2.809679537766804103e+01
2.441836669025963147e+01
2.871492451344754571e+01
2.457011797573485268e+01
2.757987410576015108e+01
2.839247105831536899e+01
2.635475811417057557e+01
2.689028463094491883e+01
2.614990749494457845e+01
2.631292871743432116e+01
2.832324963018978892e+01
2.753686833454885630e+01
2.844367526301005356e+01
2.676757244262099178e+01
2.839310556539774311e+01
2.728948087692323909e+01
2.885427033999833313e+01
3.003594482479789463e+01
2.676290822165659478e+01
2.706536183952572827e+01
2.855260314476435113e+01
2.777040915416020894e+01
3.102052849826371173e+01
3.079618087799584458e+01
3.056588307217653977e+01
2.930023922186929042e+01
2.965686378174530091e+01
3.051619290019704422e+01
2.869966883968788096e+01
3.018942316065572129e+01
3.054152091501841682e+01
3.368213592495744990e+01
3.099137290976500481e+01
3.021007861394283722e+01
3.173299001432382482e+01
3.019540108624813612e+01
3.223420333401340088e+01
3.163277600159196723e+01
3.202488164209905364e+01
3.304329543458008800e+01
2.964952695871442145e+01
3.331332578690943791e+01
3.422696856155933887e+01
2.953199042026382415e+01
3.239623751865290302e+01
3.322070379153459641e+01
3.317211662705572195e+01
3.485866772049172368e+01
3.325833368562101100e+01
3.380418222626910563e+01
3.485979874602264061e+01
3.014925291671274010e+01
3.709389055323129725e+01
3.490959024748442374e+01
3.464519329055271157e+01
3.623123176061256601e+01
3.615407293482453355e+01
3.915873048595133099e+01
3.558553003746930443e+01
3.849414191507268868e+01
3.770853518743781763e+01
3.982913933228986991e+01
3.773865157922549685e+01
3.866577280177457965e+01
4.063142145688649975e+01
3.974601837872657484e+01
3.918832120258355900e+01
3.901919234678919679e+01
4.039076252866147598e+01
4.197723804472757791e+01
4.127839700504503639e+01
4.264309863763379838e+01
4.230114425799644806e+01
4.137162094617853825e+01
4.259559141761147316e+01
4.127917595342648838e+01
4.122751284392295901e+01
4.153635328939240168e+01
4.146028032162993782e+01
4.518248910466600421e+01
4.315258701389189611e+01
4.245917958062629793e+01
4.461261915163484559e+01
4.527224050480540996e+01
4.668030517726389661e+01
4.441941066813640049e+01
4.531417823361169184e+01
4.753566527679412701e+01
4.505806332578750073e+01
4.766359305377543620e+01
5.143812792179940629e+01
4.907229837720077370e+01
5.124244235120285396e+01
4.916441571030711088e+01
4.961009388612634297e+01
5.021949949682127823e+01
5.049335601133837770e+01
5.275324877274349689e+01
5.170216323272261150e+01
4.993387882363978036e+01
5.325512430633983030e+01
5.413938781640348452e+01
5.231187895340929828e+01
5.623229432429740626e+01
5.809908912374525869e+01
5.952357842083902284e+01
5.462711954680194992e+01
5.842629259063245684e+01
6.079649983524686974e+01
5.993864186763055102e+01
5.727502556806311418e+01
6.145377595928858483e+01
6.331650962348353318e+01
6.273188598055916287e+01
6.084047789398509565e+01
6.369577230836202375e+01
6.620416261531170221e+01
6.592677941036623679e+01
6.609406680895672537e+01
6.702574966074196539e+01
6.906163887005796198e+01
6.796259396271018716e+01
7.034481055927103910e+01
7.053577848020390206e+01
6.857525823642531293e+01
6.910876406047043474e+01
7.266900226449250511e+01
7.484688967141845239e+01
7.526017551773163916e+01
7.581529535257314478e+01
7.450088791463923599e+01
7.425774037970511188e+01
7.694094917528795463e+01
8.127720710318000386e+01
7.853762865797004622e+01
8.025281192673422481e+01
7.737047370130335366e+01
8.702342345402448132e+01
8.370952651118714982e+01
8.416488714879190525e+01
8.637450643711815701e+01
8.635387693040699730e+01
8.976275429999014932e+01
8.696889917511252577e+01
8.963528458470260318e+01
8.967225229057878266e+01
9.557014341388892831e+01
9.397431242946647956e+01
9.262704629537088863e+01
9.141211961846417466e+01
9.905938484335167971e+01
9.475000815538395216e+01
9.765730233970286633e+01
9.666091683249491950e+01
1.006385780530162037e+02
1.016000134165070961e+02
1.017858792097009371e+02
1.031961665004886015e+02
1.031006012295231216e+02
1.038772068262085497e+02
1.035239490930278805e+02
1.093557975074672868e+02
1.097750511437786258e+02
1.113500720550291874e+02
1.107005694747574580e+02
1.146865703876894855e+02
1.168747611499146757e+02
1.168237102817714401e+02
1.195223221490245749e+02
1.138321303800048838e+02
1.174986806082662696e+02
1.224831618184111903e+02
1.216996065103091667e+02
1.206064941068870269e+02
1.187196273626993985e+02
1.208400609789612474e+02
1.259814985101733527e+02
1.253303216583594093e+02
1.269771939041611120e+02
1.279121663165773697e+02
1.247766981260144377e+02
1.300778758929712353e+02
1.299898469637421101e+02
1.324093229629506538e+02
1.308672843870881195e+02
1.327168997669887176e+02
1.315604473351556294e+02
1.340639114006048374e+02
1.358444499480550576e+02
1.350462929071868246e+02
1.395152780329087250e+02
1.380539767057952929e+02
1.380630803775843276e+02
1.402497367384148674e+02
1.386427148719538422e+02
1.412730209034351674e+02
1.394180049038496918e+02
1.428523635709622965e+02
1.417549597787256630e+02
1.395043160855936719e+02
1.436206961925718417e+02
1.404356650735479093e+02
1.418032357687399383e+02
1.461498062770297679e+02
1.482276894406292911e+02
1.430115945894176832e+02
1.423020237544228053e+02
1.447057515140993189e+02
1.496357646329087743e+02
1.453768054717743325e+02
1.484385534102266035e+02
1.427542514495987689e+02
1.475178477527763334e+02
1.487081615829748671e+02
1.439699238822984739e+02
1.469967328879115200e+02
1.488398997151427068e+02
1.472995489624162531e+02
1.470063975255706623e+02
1.492047807412976113e+02
1.434606854671776830e+02
1.469378816236036869e+02
1.476736773993450242e+02
1.484816217234473186e+02
1.451318706695019216e+02
1.477938747636186179e+02
1.439076160928039485e+02
1.485411799933659154e+02
1.471428706974931799e+02
1.440499085021588712e+02
1.472456080856370022e+02
1.407064613838430773e+02
1.431547904896605417e+02
1.441256454289578812e+02
1.433696436262614498e+02
1.408556259440509848e+02
1.415408484972367091e+02
1.420001752123809808e+02
1.425695239964621805e+02
1.369410157918715640e+02
1.378967648299334599e+02
1.372821260815984772e+02
1.396672923974733180e+02
1.389991794573198263e+02
1.385521054826530758e+02
1.366966652468721861e+02
1.373778172780871500e+02
1.353786791263362659e+02
1.346146465007776385e+02
1.362322590909833764e+02
1.336562628285830101e+02
1.349862184165608596e+02
1.309064246618623883e+02
1.339249577790513683e+02
1.327567816728831644e+02
1.319346055405004847e+02
1.274522365436003781e+02
1.273198595875424104e+02
1.257489386922783154e+02
1.237226637958209920e+02
1.249869646379158610e+02
1.253971909245554315e+02
1.231696899995545209e+02
1.230646572761614124e+02
1.214068900599938132e+02
1.179844677678690061e+02
1.207553550961486621e+02
1.178949982340129168e+02
1.185675440636953795e+02
1.168033599136881264e+02
1.186370323483439080e+02
1.111960367448702982e+02
1.169749947846716935e+02
1.139835848051496328e+02
1.137773590191026756e+02
1.110553548802425610e+02
1.102216644510041448e+02
1.115409196248354675e+02
1.080246425616686707e+02
1.077982803377158660e+02
1.099871649958001001e+02
1.086019758598200156e+02
1.051015182028695705e+02
1.057275373281147637e+02
1.034192903285234593e+02
1.014248089564647159e+02
1.033428174972816009e+02
9.819771089194786384e+01
9.890464396317025830e+01
1.001271774108599288e+02
9.887348351349153575e+01
1.011041027280956399e+02
9.925162698632486524e+01
9.655563298310325138e+01
9.520515167007441448e+01
9.532933864124142076e+01
9.425817262619145254e+01
9.143637524650277726e+01
9.391905443753361737e+01
8.733347263158954377e+01
9.091903424972191772e+01
8.997069496883565876e+01
9.137178260264948904e+01
9.101626037258391477e+01
8.604173998972365212e+01
8.733846874211764089e+01
8.771146991182673958e+01
8.456517862288694687e+01
8.573134908986880021e+01
8.178348405919733466e+01
8.361711610450052490e+01
8.222855005255183869e+01
8.182071274997370836e+01
8.291058257415951971e+01
7.855210311576256288e+01
8.505606383246373525e+01
8.387570675336699821e+01
7.619385099356824753e+01
8.086704949774279783e+01
7.995546748879245058e+01
7.875204155221128133e+01
7.611012909539921623e+01
7.790726979167824595e+01
7.627820510826869338e+01
7.930906041307281384e+01
7.611516598836547587e+01
7.854673257460449065e+01
7.632924849827348623e+01
7.308305756560768884e+01
7.575273574107740160e+01
7.353398376458115138e+01
7.607755923903796713e+01
7.430958136365774180e+01
7.252447146927008248e+01
7.427180216856095285e+01
7.651085233924514739e+01
7.646750327986460150e+01
7.012255521595965035e+01
7.285851075380864472e+01
7.191842533900552326e+01
7.258829443306312612e+01
7.089297283883611556e+01
6.858840201187649654e+01
7.123173445675760718e+01
6.967228811339516881e+01
7.295412059256395310e+01
7.008965440228872978e+01
6.957759425512149676e+01
7.371061880232720398e+01
6.947838473095066547e+01
6.949866835915737795e+01
7.057807985634084957e+01
7.132618378842597906e+01
7.271835035249205248e+01
6.983562430139384958e+01
7.019622248269953957e+01
7.238726767253717753e+01
6.944538277325938225e+01
6.972381668500916874e+01
6.582157422492419130e+01
6.786278212828355549e+01
7.131221913421950376e+01
6.889607121598614015e+01
6.685501068126234259e+01
6.447287528199761653e+01
6.733046023284477144e+01
6.702303334760928522e+01
6.696867148564678018e+01
6.739411387520138419e+01
6.695649105290814873e+01
6.705315015989273775e+01
6.715950720803169816e+01
6.557662916110686524e+01
6.814275013688195770e+01
6.964044030972380028e+01
6.798257091858179990e+01
6.864768151966573839e+01
6.930961364204733854e+01
6.749479094057198836e+01
6.814087258266137326e+01
6.686046900100087953e+01
6.800281853680684208e+01
6.705948027307978521e+01
6.686675110711908587e+01
6.565832814436886622e+01
6.800670915053132148e+01
6.214174076481327091e+01
6.792450662614983514e+01
7.009089367521553982e+01
6.868005817237407484e+01
6.678143311077586475e+01
6.770034239763637629e+01
6.992602841176370987e+01
6.691717444976858076e+01
6.976600936672326725e+01
6.879666421768990858e+01
7.020401251931674835e+01
6.394261535887761738e+01
6.707275443163047157e+01
6.895151921521699023e+01
6.676435522511216902e+01
6.843917347386106087e+01
6.795893682089750598e+01
6.855659569341619886e+01
6.973391061245958156e+01
6.837387908779646750e+01
6.931141763123400779e+01
6.664219054020678357e+01
6.558701610987301933e+01
7.098676776608446914e+01
6.773314879514839504e+01
6.742730205211704231e+01
6.628449622171727640e+01
6.667655928484781214e+01
6.891239242432560275e+01
6.766019760576591580e+01
6.976558721441375610e+01
6.762733734830422350e+01
6.897954654502342464e+01
6.925041334369153390e+01
7.025639571808545725e+01
7.079014465496075559e+01
6.792848430700531992e+01
6.907368643908921513e+01
6.970100201495249337e+01
6.941067019504079383e+01
6.709986504292227494e+01
6.760218098918223006e+01
7.176126011448380382e+01
7.104374693590369816e+01
6.943848707922248309e+01
6.935532123481603151e+01
6.945866803744058871e+01
6.741162698425517874e+01
7.059043307010080071e+01
7.056685294980384526e+01
6.841902539865141364e+01
6.710828812211777006e+01
7.094293873647880844e+01
7.182183408392900503e+01
7.235614421480090641e+01
7.056766092680737756e+01
7.255708214213240126e+01
7.404381542398193972e+01
6.997347095130831462e+01
6.868680306384800360e+01
6.857950035297209013e+01
6.898816269051857830e+01
7.349641528042624827e+01
7.093559119784750067e+01
6.897551548113035835e+01
7.066642012387868022e+01
7.491378821383931097e+01
7.002082999565014632e+01
7.268677448601368951e+01
7.294914091843668302e+01
6.829507164397368513e+01
7.044782846678175758e+01
7.249757533567894541e+01
7.003242321622333577e+01
7.334681125260232193e+01
6.929193794708237419e+01
7.017443035009667085e+01
7.538432011656921361e+01
6.981828858394987947e+01
7.459944753393942563e+01
7.254986618456659642e+01
7.177381970768409758e+01
7.400514041841071844e+01
7.204349296941408909e+01
7.315607429707127096e+01
7.385554700409512918e+01
7.500784454870614582e+01
7.339113454000708714e+01
7.460283652259269616e+01
7.534765575531821469e+01
7.395879091924786053e+01
7.691170707171394838e+01
7.188576652767589792e+01
7.561820822920265073e+01
7.447607265567087609e+01
7.494219043570153360e+01
7.328208732507434320e+01
7.374735246459749760e+01
7.422392123191794155e+01
7.553601252275440459e+01
7.208490578012836636e+01
7.629261148995603037e+01
7.692436100671893939e+01
7.376948435571259211e+01
7.566351043176611313e+01
7.314199711666933013e+01
7.601187026586339357e+01
7.901130835441462352e+01
7.796190896038535811e+01
7.779830794037474107e+01
7.641875162770996610e+01
7.540186647345561255e+01
7.714918415058468781e+01
7.679390340226193246e+01
7.956331204672129331e+01
7.783503400578366893e+01
7.772468691398262308e+01
7.821825136288190095e+01
7.374645078153100997e+01
7.722067196833896219e+01
7.419443348230024071e+01
7.722328101005153655e+01
7.404993825614540981e+01
7.655067306878778766e+01
7.458159150110869007e+01
7.595657870522084920e+01
7.622037971394182421e+01
7.839984594646185201e+01
7.864194445404791622e+01
7.686014618981590729e+01
7.800990157305611206e+01
7.672590274572439739e+01
7.661288737250441727e+01
7.497058820663666268e+01
7.564506198766790135e+01
7.435670018257357583e+01
8.079323700605826275e+01
7.850998040522088672e+01
7.775918085715923667e+01
7.553449901058539240e+01
7.864992654538794170e+01
8.074016841965712388e+01
7.825410101048014155e+01
7.953692727894346604e+01
7.887615925052948285e+01
7.885209619431007866e+01
7.767473466513773417e+01
7.899794855598099730e+01
8.098423097944468907e+01
7.751688905886106795e+01
7.983183763861434556e+01
8.007165263554718138e+01
8.090860452418992566e+01
8.223116615665564666e+01
7.864525148254844567e+01
7.964884808036138963e+01
8.169483832454109518e+01
7.609905285244659012e+01
7.979503432168779398e+01
8.290500499484782893e+01
8.008472208886639976e+01
8.041974018453989004e+01
7.749009268636656600e+01
8.302950306355150190e+01
8.151269161579729428e+01
8.301037042015495615e+01
8.054974543585954905e+01
8.163794917924619199e+01
8.083731052081508039e+01
7.836832690588936146e+01
8.043170693820115957e+01
7.984449450983453289e+01
7.815513489249008217e+01
8.104270188615461734e+01
8.175511906385240479e+01
8.403271260927238018e+01
8.115596827544916891e+01
8.183051212400360441e+01
8.233550639387235037e+01
8.511575758701282268e+01
8.288340484105860639e+01
7.797304251308565881e+01
8.047938425542960772e+01
8.211737503240570391e+01
8.404619028628029298e+01
8.362053238786494092e+01
8.580169956578974677e+01
7.920741072538565675e+01
8.030135616860395942e+01
8.251170457904838429e+01
8.424963681469935750e+01
8.268523347996301709e+01
8.284995641411931899e+01
8.319460795642530115e+01
8.389911749814257291e+01
8.411094116060249348e+01
8.611095701256667212e+01
8.486701255306283542e+01
8.373823229057786932e+01
8.529703072955986443e+01
8.576364183058484514e+01
8.437578095829113067e+01
8.516679128363109896e+01
8.439225024204604608e+01
8.461248264196973423e+01
8.511863282189224833e+01
8.467877193025475435e+01
8.688154083087465551e+01
8.538269219860077897e+01
8.666229172284811000e+01
8.605993510691179438e+01
8.528287010525089329e+01
8.526737858535750547e+01
9.224762520805505517e+01
8.621538556889055371e+01
8.993734121564544637e+01
8.578386792374965353e+01
8.576641345307371012e+01
8.562214752363978221e+01
8.523714648500725843e+01
8.694761249651652690e+01
8.617343405001551560e+01
8.489848237451458601e+01
8.943619666208162755e+01
8.775815317766964085e+01
9.046647383152570399e+01
8.690227280417583700e+01
8.410322850425758645e+01
8.731673973985860471e+01
8.983970898977629815e+01
8.938749832526039540e+01
9.042460443819233262e+01
8.697120482547232712e+01
8.636393887373785105e+01
8.452631123804445679e+01
9.002858260600199003e+01
8.803057620930344740e+01
8.962983761256546700e+01
8.896637287890821710e+01
8.771450426350811824e+01
8.775962407971405810e+01
9.015591980234442815e+01
9.122881383629751895e+01
9.322816765095718949e+01
8.869571383598264447e+01
9.094382083166313180e+01
8.979718638548912679e+01
9.344199881055354240e+01
8.979786098115376092e+01
8.834978761992591956e+01
8.970596070295961511e+01
8.973227316455576386e+01
9.036702417572696788e+01
8.543319000755789716e+01
8.954275333663765934e+01
9.296982892213279115e+01
8.818401075119763277e+01
9.433153902779558564e+01
9.146781150717335152e+01
8.974225441876471621e+01
9.276553841788850718e+01
9.379617863320524407e+01
9.048514547789972085e+01
8.943477828112715144e+01
9.518308452175426737e+01
9.626036061470659888e+01
9.345482732627340283e+01
9.418093718026990757e+01
9.546128707269643598e+01
8.873883600158237073e+01
9.483533244506627113e+01
9.229228405225293841e+01
9.195281596092260656e+01
9.255732984651332629e+01
9.313010097176436375e+01
9.569370021059442877e+01
9.305965564299611970e+01
9.574294664976535785e+01
9.352837604407935146e+01
9.236938816168182598e+01
9.708163594282954989e+01
9.086016183368575128e+01
9.622151024481676984e+01
9.499043947170078184e+01
9.733492674008593326e+01
9.408729184560485237e+01
9.620858930686166843e+01
9.542054684745376392e+01
9.909573275823862559e+01
9.849941873598639575e+01
9.606084085041234744e+01
9.613191748686942617e+01
1.010009962746515555e+02
9.706442100483278068e+01
1.001679418291289068e+02
9.621438608261709646e+01
1.008568772713337722e+02
1.034746830874374126e+02
9.897843000622479792e+01
9.940998213901588088e+01
1.008433112064152937e+02
9.750186526920602148e+01
1.015111129299546491e+02
9.881519446830708375e+01
1.009928497242826637e+02
9.780150023047902152e+01
1.021970653948787344e+02
1.025065435037597723e+02
1.023764650531141882e+02
1.003952818520004513e+02
1.037747300238051764e+02
1.043561644897790188e+02
1.014935049652511054e+02
1.025638049593536891e+02
1.026682310633569131e+02
1.046166142413073459e+02
1.051031568950700006e+02
1.062851999554903841e+02
1.036646438434008388e+02
1.068708108336221443e+02
1.059530836093527313e+02
1.055578656134074720e+02
1.056064416440598279e+02
1.052036911792008027e+02
1.078634492374188198e+02
1.101868324210636416e+02
1.070092950423802876e+02
1.109427600327313570e+02
1.070628459577510085e+02
1.081356845885884326e+02
1.067397213530683331e+02
1.077141448895420552e+02
1.125596088975164122e+02
1.118335052943639880e+02
1.162793532308196518e+02
1.121115920450972681e+02
1.129326164139181401e+02
1.119600999199390827e+02
1.165089172773002986e+02
1.130077688824595725e+02
1.145146681397343400e+02
1.125777781245726743e+02
1.152275866900248644e+02
1.192182828829348011e+02
1.181144967564332546e+02
1.143261672497960006e+02
1.176618410273663926e+02
1.181499802003726813e+02
1.212701576812527264e+02
1.198579375581097395e+02
1.187309932195067290e+02
1.223545621530180085e+02
1.224677934999389066e+02
1.264006321500080645e+02
1.226443493106600329e+02
1.227573662101557801e+02
1.245732073277112448e+02
