-1.237210997863520845e+00
-1.477289485407546010e+00
2.976253556707281867e+00
-1.031018458045052322e+00
1.986157950685704332e+00
1.679227887499023408e+00
-1.770108763897980220e+00
-1.520248980789906224e+00
1.668602655183900330e-01
9.934210962102251186e-01
2.678129430384445508e-01
-3.433413186656305016e-01
-2.729877068784356986e+00
1.853628333118574056e-01
3.888450599417154763e-01
-3.729629821572592707e+00
3.256624676641772798e-01
9.422113199227810654e-01
8.756037003020574749e-01
6.304968773153013517e-01
2.537695871861993080e+00
-2.083838938446327393e+00
-1.513353777970716463e+00
-2.193261490317710560e-01
-1.701752186739817541e+00
8.273906807435252309e-02
-7.734122770062136221e-01
-1.415197140258679376e+00
-4.755020986916298931e+00
-1.008483267842679387e+00
-9.953316645041732080e-02
3.542610161464912810e+00
-6.307739955943858501e-01
5.538235943336741185e-01
2.619105004195607656e+00
8.686811333751570663e-01
4.414390338589392115e+00
-1.599335540866807071e+00
-5.776358799719909509e-01
7.271232776238831796e-01
4.725199674264664584e-01
-1.172134885263393489e+00
-3.731285563387888304e-01
4.719103994840315508e+00
9.653388300999680149e-01
1.750746155488429379e+00
1.570665352403554538e+00
-2.403025759786085569e+00
1.849163025762359691e+00
1.618058607391679171e+00
-8.840436539437368513e-01
1.033120583257085556e-01
4.590688431128016944e+00
2.602150264994813611e+00
3.483781256498099221e+00
-5.262215385761477293e-01
3.703150231302441586e+00
2.890026133030927369e+00
2.505262542402785009e+00
1.597309812222742487e+00
-1.689579630856017367e-01
2.657516985234614104e+00
4.882725045772815520e+00
2.794801893863226194e+00
6.360120823301451676e-01
1.805073965163334515e+00
6.357430488283856818e+00
1.657507529610594554e+00
1.886688399767899149e+00
1.995180866377780804e+00
4.232275870615779922e+00
5.778003806532834297e+00
1.581427034102150797e+00
3.648202712178302498e+00
3.720665669830329314e+00
3.190981770908932091e+00
2.477492228381608541e+00
3.478972495970257928e+00
1.163720062460328997e+00
1.619528325727961571e+00
3.236017159840963942e+00
1.208996404384568457e+00
5.888754335774297743e+00
3.005338731872728264e+00
-1.253958690975207180e+00
3.650759805120333823e+00
3.495674519864024443e+00
5.810670942825982621e+00
3.245945642997246861e+00
2.073539108050759694e+00
6.274110676859794289e-01
3.524412462182145767e+00
4.775496089236674457e+00
7.464016059824061244e-01
6.568870870319107880e+00
2.715474919545825649e+00
6.966576560423437314e+00
3.230033672887953955e+00
5.013352277594249173e+00
4.101458650776553583e+00
8.015595531203677737e+00
4.841983419392174248e+00
9.397125666995165716e+00
3.846575278268288489e+00
3.949509426962998226e+00
4.810814991227705839e+00
3.873676996377094284e+00
2.286462807234717065e+00
4.594094720432000400e+00
4.179997583344316148e+00
6.488006096703156089e+00
2.608156443561846061e+00
6.936773637342996679e+00
9.618135086303905013e+00
5.753410698081131258e+00
6.891304876438051785e+00
6.775312003227577762e+00
7.396969688521384256e+00
5.628087517420391706e+00
6.186517311523082263e+00
4.077787433274824735e+00
1.211654526805600796e+01
9.040281678435530210e+00
9.247746686194769694e+00
5.298410323657250842e+00
9.183827290529496423e+00
4.196963519560124922e+00
5.516296276304180068e+00
8.496923983257271829e+00
3.591880021156065084e+00
9.968715743968912690e+00
9.636548128923736911e+00
9.425753936961751123e+00
1.127450239063121096e+01
8.662948488115867818e+00
1.164550112253101588e+01
1.294262153901540557e+01
9.537728073203807000e+00
9.648001622014085399e+00
7.218193472769951491e+00
1.067884478620364597e+01
1.014365243140901640e+01
8.357151916316702511e+00
9.587396896663152646e+00
9.318063814608425588e+00
1.033280441014396445e+01
1.052182540645434372e+01
1.343823685946277280e+01
9.373919832185009682e+00
1.053146497655310831e+01
8.452159981235020325e+00
1.080927841334655426e+01
1.347458869356049505e+01
1.287240344352616006e+01
1.166135427429312976e+01
1.362333688221782957e+01
1.375367411742049129e+01
1.048121176128557153e+01
1.233191716652196313e+01
1.160651860362029453e+01
1.107580777650992410e+01
1.542103161560007862e+01
9.590070205829006156e+00
1.011336785345061884e+01
1.328611033923273155e+01
1.361193559161509548e+01
1.437073228365483857e+01
1.435028365430756558e+01
1.368154440094937740e+01
1.505048008694205919e+01
1.603404757558177707e+01
1.257959843555552837e+01
1.622147165617621312e+01
1.606251059713609664e+01
1.316212896889462591e+01
1.321001658841163717e+01
1.330853827400634692e+01
1.613352406025317265e+01
1.820490066057227807e+01
1.468488273266353339e+01
1.506187505207558353e+01
1.738331725662694893e+01
1.856204920570335304e+01
1.762184613699963265e+01
1.918170969751060539e+01
1.725165573792350671e+01
1.701496601833271782e+01
1.793829995787746867e+01
1.623695745469902718e+01
1.720231923659288853e+01
1.519042129793722751e+01
1.764107867884574077e+01
1.583159716468189870e+01
1.725147411010975418e+01
1.757320996185774931e+01
1.754535165080440606e+01
2.336143506108291490e+01
1.787652155001272902e+01
1.922250926142258720e+01
2.121126658348548943e+01
1.667893444180548457e+01
1.993319526566979505e+01
1.933415880081788529e+01
2.135094692325458254e+01
2.278284427503243847e+01
1.999946070858157299e+01
2.219622329639047109e+01
1.936993678214776438e+01
2.110979693391580625e+01
2.163627283698854598e+01
2.336964081419834471e+01
2.278953001871258621e+01
2.360333986084806668e+01
2.322023275287484623e+01
2.026151455304287907e+01
2.136994096247222430e+01
2.606811526238598375e+01
2.224244636377244433e+01
2.400105187171066845e+01
2.476957907533171976e+01
2.598270417692218004e+01
2.359321685067259367e+01
2.746964312283630605e+01
2.267619482150635335e+01
2.332782512002739495e+01
2.285478102418522184e+01
2.243235730980942932e+01
2.791253646410932276e+01
2.363316595311569301e+01
2.372454819254218350e+01
2.952002050616091466e+01
2.775179527470088559e+01
2.771522351155058317e+01
2.641178951230377692e+01
2.864761320692256419e+01
2.845838492848799106e+01
2.810210250447080327e+01
2.771187897288478652e+01
2.969512070889310706e+01
2.864115992946247857e+01
2.878301746011694817e+01
2.992440370624562718e+01
2.714350980032748240e+01
2.940212819470797356e+01
2.904785578423468451e+01
3.161627652330370708e+01
3.109764301105080264e+01
3.020811749126442081e+01
3.140658975624043237e+01
3.294124844117313700e+01
3.100757032829736914e+01
3.167710692848455878e+01
2.999253028222875628e+01
3.119234056306163438e+01
3.101085501461021821e+01
3.098424206286606619e+01
3.407433439244876183e+01
3.446867600953986965e+01
3.092263832374582933e+01
3.535176650914495866e+01
3.133968264835795736e+01
3.448228584281607567e+01
3.542782541319299128e+01
3.352312087310892252e+01
3.419169085334950609e+01
3.358436052652447756e+01
3.388039917563826009e+01
3.602367436142662172e+01
3.537014934268599120e+01
3.640967860865318784e+01
3.486612711269008713e+01
3.662400231252718896e+01
3.565247102822907266e+01
3.734906457477224251e+01
3.866221192070648272e+01
3.552027376904532474e+01
3.595340692345003220e+01
3.757086299439579591e+01
3.691837175924349168e+01
4.029763319233058638e+01
4.020181688807520715e+01
4.009938803477556490e+01
3.896089766503934015e+01
3.944390557308804546e+01
4.042879166071098496e+01
3.873694032340368665e+01
4.035042360006023898e+01
4.082524533232219710e+01
4.408751640931927085e+01
4.151727686064933920e+01
4.085530695085218156e+01
4.249627535321843652e+01
4.107540588303967155e+01
4.322951799559772468e+01
4.274191696496918524e+01
4.324628942221617223e+01
4.437533264162345858e+01
4.109047628567573440e+01
4.486138796835006559e+01
4.588026030460385130e+01
4.128854230896448740e+01
4.425399189298256175e+01
4.517751260238637201e+01
4.522573926875357131e+01
4.700676884244704468e+01
4.549848098490638648e+01
4.613384422302147669e+01
4.727634254373442246e+01
4.264994194962081053e+01
4.967588232317006458e+01
4.756993405273069442e+01
4.738082794935638020e+01
4.903898333227819251e+01
4.903065244138490186e+01
5.210073163765443383e+01
4.858942696548511009e+01
5.155628691501516414e+01
5.082515647749083598e+01
5.299633882992254996e+01
5.095240270068302380e+01
5.192191828873426118e+01
5.392567123487540925e+01
5.307394745210638831e+01
5.254536759111946509e+01
5.240065506903301440e+01
5.379179963759332850e+01
5.539286472131601613e+01
5.470348371560075407e+01
5.607236936104753511e+01
5.572917478916612311e+01
5.479283728214348770e+01
5.600426823312265157e+01
5.466943517288919452e+01
5.459332231685326065e+01
5.487152557672830255e+01
5.475847160043321082e+01
5.843719819893923528e+01
5.635715455941752339e+01
5.560678733190805190e+01
5.769628943918761621e+01
5.828483585119497690e+01
5.961452808044263918e+01
5.726780356075427392e+01
5.806912362710151854e+01
6.018938609913681148e+01
5.760262346195337102e+01
6.009089809791318970e+01
6.373992615030139319e+01
6.124018195181255209e+01
6.326784876136417068e+01
6.103862946391019051e+01
6.132424845785381962e+01
6.176457954317949373e+01
6.186019986143092808e+01
6.393255120373346045e+01
6.268447853880905996e+01
6.070962418722330511e+01
6.381458347987284441e+01
6.447271512321141529e+01
6.240910361552921870e+01
6.608332512510895640e+01
6.769371941286418348e+01
6.885149146840629442e+01
6.367789425392942348e+01
6.718940956235914541e+01
6.926134782191785177e+01
6.809452458013203113e+01
6.511116887183270308e+01
6.895933545146839094e+01
7.048057859699503069e+01
6.954350377825362273e+01
6.728863865536081335e+01
6.976943411064033285e+01
7.189225700992757595e+01
7.121822135515746766e+01
7.097776499552806229e+01
7.149061723563774251e+01
7.309660454750090253e+01
7.155661352575407363e+01
7.348687874527429642e+01
7.321494124555961491e+01
7.078062539448305301e+01
7.082952228555787144e+01
7.389442845389270076e+01
7.556636465608293918e+01
7.546319811141329126e+01
7.549149672794790433e+01
7.364004629385520673e+01
7.284979602565407220e+01
7.497601966874015034e+01
7.874560288976282152e+01
7.542986884780579260e+01
7.655964032838791411e+01
7.308287507052908438e+01
8.213263993664415352e+01
7.820707425829080250e+01
7.804257308131904836e+01
7.962444513576849658e+01
7.896850762574013061e+01
8.173485793651238396e+01
7.829161552211863295e+01
8.030212936564532811e+01
7.967713430178372391e+01
8.490738160252217881e+01
8.263865289979966633e+01
8.061367921157935257e+01
7.871669597144229158e+01
8.567803304833877576e+01
8.067935044656972821e+01
8.289447092742700818e+01
8.120356978817441984e+01
8.448491488653097292e+01
8.474879031045304600e+01
8.423642387468285619e+01
8.494839261547699039e+01
8.415502243124204540e+01
8.423495021155898144e+01
8.318676819868532846e+01
8.832608473102605728e+01
8.805584957114930944e+01
8.894508665923491719e+01
8.761417765181535344e+01
9.092383179591297448e+01
9.244142681972549269e+01
9.172623096397090592e+01
9.376785587044162185e+01
8.742854917651095548e+01
9.045457640632621121e+01
9.480785143762207667e+01
9.340313576076368918e+01
9.169964095668441928e+01
8.921390415250930062e+01
9.074771566222493391e+01
9.531551489929591980e+01
9.410441865910563308e+01
9.520582372240798463e+01
9.561051162359795796e+01
9.196066817056284037e+01
9.676410155060267471e+01
9.619567471602975672e+01
9.815280780154614604e+01
9.616718163990870494e+01
9.759265584619465983e+01
9.603218940899992617e+01
9.815243599368712069e+01
9.957121047698090877e+01
9.843338616112444583e+01
1.025854296110275214e+02
1.008305254260678367e+02
1.005699616739192237e+02
1.025114650655593636e+02
1.006843651400516535e+02
1.031202089665396926e+02
1.010968671290647194e+02
1.043895355172102484e+02
1.031775540164089477e+02
1.008398991906211108e+02
1.048972649503537298e+02
1.016816219306145683e+02
1.030473635716067804e+02
1.074212423398022622e+02
1.095558989846127673e+02
1.044263435996637952e+02
1.038333512996934189e+02
1.063839415781653059e+02
1.114913175064087199e+02
1.074404087550408633e+02
1.107410526785363771e+02
1.053266206332147874e+02
1.103911592849219687e+02
1.119135563695095783e+02
1.075385811473483670e+02
1.109598399500460744e+02
1.132286217488754545e+02
1.121449987998502564e+02
1.123396055528979218e+02
1.150566649446048189e+02
1.098620216816054693e+02
1.139192740393537662e+02
1.152655293773347154e+02
1.167141069725724094e+02
1.140349048364948317e+02
1.173970874853745698e+02
1.142403235598097098e+02
1.196323580714953749e+02
1.190211286539454107e+02
1.167434633797091834e+02
1.207822597676561571e+02
1.151135683907207437e+02
1.184592465453523999e+02
1.203538568343695232e+02
1.205475074740897128e+02
1.190085092075397739e+02
1.206935680230665611e+02
1.221769786456171687e+02
1.237940716631377853e+02
1.192363635623872113e+02
1.212853479840258899e+02
1.217857441931718654e+02
1.253070952551057502e+02
1.257956540337680451e+02
1.265250639641802053e+02
1.258652341307321905e+02
1.277604275440172898e+02
1.269930574854475225e+02
1.274778077227971806e+02
1.303604994084016653e+02
1.290651544138962379e+02
1.316906049264881347e+02
1.289204178401554657e+02
1.332619351073182372e+02
1.334293850567112827e+02
1.339547410161067376e+02
1.308310749882485311e+02
1.320678384150657223e+02
1.318757645132282335e+02
1.312373160200342568e+02
1.338976999956581722e+02
1.357115488808617556e+02
1.348944990349463637e+02
1.362060420055840950e+02
1.359702791605821233e+02
1.339746026850199883e+02
1.381762994963552558e+02
1.367501481719953915e+02
1.388596388305564062e+02
1.385344935321113553e+02
1.418086656802589971e+02
1.358090101765125155e+02
1.430295414535749501e+02
1.414793443333240361e+02
1.427133917164608192e+02
1.414301563822500327e+02
1.420331807545357776e+02
1.447865624863196956e+02
1.427013052217912445e+02
1.439023535372311073e+02
1.475145532473577816e+02
1.475481139411555773e+02
1.454613878372205136e+02
1.474956840183144493e+02
1.465898403118784756e+02
1.459914862482415856e+02
1.492989609914078812e+02
1.455362914883667145e+02
1.476182816921729000e+02
1.502081585256525216e+02
1.503137775232268325e+02
1.538953793446117686e+02
1.533852729588791703e+02
1.520227687964633390e+02
1.519966480824290045e+02
1.534358330395127155e+02
1.536700851774690761e+02
1.521439248254682184e+02
1.559122743109035980e+02
1.506022258817694706e+02
1.554530289210273963e+02
1.557594989208014624e+02
1.584048380561048646e+02
1.592828981353220570e+02
1.555311933497305290e+02
1.580398870174500701e+02
1.596139316473351641e+02
1.576577044250655888e+02
1.600029140921812143e+02
1.572230300112656778e+02
1.602135630795626753e+02
1.599708077685762362e+02
1.606976915007806781e+02
1.629112037678233094e+02
1.596653094184626696e+02
1.672708289168156455e+02
1.671810446510877171e+02
1.605788250531242056e+02
1.663207809483821222e+02
1.664671436130836923e+02
1.663109234698915486e+02
1.647055591619812276e+02
1.675286786158730763e+02
1.669151181928529581e+02
1.709511044243624553e+02
1.687520746599570316e+02
1.721683522515055245e+02
1.709255433279696490e+02
1.686441143430046736e+02
1.722687684146114577e+02
1.709953376111147065e+02
1.744747147154445486e+02
1.736331576432588122e+02
1.727652296715106672e+02
1.754206482905065627e+02
1.785588398976487952e+02
1.794058356726892214e+02
1.739425878123532812e+02
1.775517527216125018e+02
1.774765412189358642e+02
1.790031054687426035e+02
1.781564580718641366e+02
1.766926991511188021e+02
1.801691405310077130e+02
1.794352599165116828e+02
1.835352749301226254e+02
1.814817681487047878e+02
1.817736042301008865e+02
1.867036214753910315e+02
1.832616357626525314e+02
1.840655819874731947e+02
1.859222281365622393e+02
1.874412956947269890e+02
1.895983107491703095e+02
1.874744727916088891e+02
1.885881521423463312e+02
1.915266236767004955e+02
1.893266609224982062e+02
1.903416618385173251e+02
1.871707786474080137e+02
1.899382837571874632e+02
1.941090997737188673e+02
1.924095546639526901e+02
1.910804607951931189e+02
1.894057939896821381e+02
1.929664854933303388e+02
1.933579370678089902e+02
1.939983573977211790e+02
1.951146153796321130e+02
1.953639690319718341e+02
1.961438907660347297e+02
1.969299196314350411e+02
1.960232433805482515e+02
1.992622146577688795e+02
2.014295198930105357e+02
2.004381443040723241e+02
2.017667391470222924e+02
2.030892553726428389e+02
2.019322237831442237e+02
2.032334084255541882e+02
2.026055223536087908e+02
2.043979042826744603e+02
2.041022114369500287e+02
2.045548366380677692e+02
2.039895707170171590e+02
2.069790029861805181e+02
2.017530694742106334e+02
2.081729410754579987e+02
2.109745898766311996e+02
2.101972552007172226e+02
2.089304510472528591e+02
2.104795803018660081e+02
2.133339623230479276e+02
2.109523554184845295e+02
2.144270615166151970e+02
2.140822828397449200e+02
2.161129621978184900e+02
2.104737281301470091e+02
2.142249279758818545e+02
2.167237150818808971e+02
2.151555970919040988e+02
2.174485454398073898e+02
2.175855817334641529e+02
2.187997135098268870e+02
2.205927567952315940e+02
2.198477630344698071e+02
2.213997011382199673e+02
2.193442863006339394e+02
2.189023862452673654e+02
2.249149223916783171e+02
2.222736446185761565e+02
2.225797410052217344e+02
2.220485241251588775e+02
2.230518645451763575e+02
2.258987047631547114e+02
2.252572868206581802e+02
2.279732619710676715e+02
2.264454440036116978e+02
2.284079680005499142e+02
2.292890679291142249e+02
2.309052361041117081e+02
2.320491567952353478e+02
2.297976864085058537e+02
2.315531279604987560e+02
2.327907626924915689e+02
2.331108590952343320e+02
2.314106196417722856e+02
2.325236662772125555e+02
2.372936677271222266e+02
2.371872943086631267e+02
2.361934166271445008e+02
2.367218995556381174e+02
2.374371851379523548e+02
2.360023955293082167e+02
2.397937876537415889e+02
2.403831493880016978e+02
2.388486400430973902e+02
2.381516171945758629e+02
2.426003976831753448e+02
2.440938569494717001e+02
2.452431830351258384e+02
2.440701851406579124e+02
2.466755780205812982e+02
2.487787855175151037e+02
2.453254335539954525e+02
2.446562916941340404e+02
2.451670632506304059e+02
2.461943623293152825e+02
2.513218278960530938e+02
2.493808063306892677e+02
2.480411355334409791e+02
2.503530599309488878e+02
2.552220746287470945e+02
2.509514014871940049e+02
2.542402807494372610e+02
2.551262424985619361e+02
2.510964395703682897e+02
2.538741439005954419e+02
2.565495292277910835e+02
2.547107159763537538e+02
2.586521524290445200e+02
2.552250459167279359e+02
2.567360320184266129e+02
2.625751506272965230e+02
2.576390910380071659e+02
2.630509727175099215e+02
2.616328723058688297e+02
2.614890721422249271e+02
2.643534114624304152e+02
2.630255616012546511e+02
2.647727259462057532e+02
2.661075733275637845e+02
2.678960432147111987e+02
2.669163090184253520e+02
2.687657958821725970e+02
2.701492144673323423e+02
2.693997686673812382e+02
2.729929285679722284e+02
2.686080613341051162e+02
2.729824105852169964e+02
2.724830213107926511e+02
2.735927284875204464e+02
2.725770620622415095e+02
2.736876152146725758e+02
2.748103272138945954e+02
2.767694207040938750e+02
2.739661787381351132e+02
2.788226152773353874e+02
2.801039650211608318e+02
2.775995612133489772e+02
2.801449358443557571e+02
2.782756497723667621e+02
2.817986317134324281e+02
2.854520628907522450e+02
2.850575435212242041e+02
2.855497119940367838e+02
2.848268170717871612e+02
2.844674875342972769e+02
2.868732572854736418e+02
2.871773272041655218e+02
2.906069871515061322e+02
2.895398630017858181e+02
2.900915742538275026e+02
2.912481032774513778e+02
2.874401751959773037e+02
2.915791784200476968e+02
2.892186330407072319e+02
2.929140861982198203e+02
2.904082629740120183e+02
2.935774325179905304e+02
2.922777021113064961e+02
2.943229580618223054e+02
2.952579464871575397e+02
2.981095198215998039e+02
2.990246460629708167e+02
2.979167970434816652e+02
2.997414239950635420e+02
2.991332198067882473e+02
2.996969228257841564e+02
2.987322664238446350e+02
3.000853078958840001e+02
2.994764392016938928e+02
3.065933949868061745e+02
3.049914835676495954e+02
3.049229557295756763e+02
3.033814723688257686e+02
3.071810253523751157e+02
3.099563197651718269e+02
3.081562320510765289e+02
3.101259651779407704e+02
3.101530311180114268e+02
3.108177290270636490e+02
3.103300552864627662e+02
3.123438835553019430e+02
3.150217066516556201e+02
3.122468313433352023e+02
3.152551720578074992e+02
3.161893042331258812e+02
3.177214978026133281e+02
3.197402250141391278e+02
3.168513991493378512e+02
3.185530070542438921e+02
3.212979303055191167e+02
3.164019986764999999e+02
3.207987538935477687e+02
3.246104172197050275e+02
3.224927448029357606e+02
3.235312900844003821e+02
3.213060852569952317e+02
3.275508525049689865e+02
3.267403107682390555e+02
3.289451706876819799e+02
3.271926367083197533e+02
3.289898397524966072e+02
3.288991070151108147e+02
3.271409341823458021e+02
3.299160280132311982e+02
3.300414304674618506e+02
3.290655847944354946e+02
3.326675626795916401e+02
3.340952854867234123e+02
3.370890770930554936e+02
3.349294208452619728e+02
3.363219402959272202e+02
3.375457950693760267e+02
3.410457889443555928e+02
3.395340582235413649e+02
3.353451943140228764e+02
3.385739077997071718e+02
3.409351404544863158e+02
3.435880644045143413e+02
3.438873785749609624e+02
3.467943776152932855e+02
3.409267767140123624e+02
3.427482623142662987e+02
3.456869990944127835e+02
3.481541637561034577e+02
3.473198325915197415e+02
3.482154629668279426e+02
3.492918525821046956e+02
3.507289260179967414e+02
3.516741344082226988e+02
3.544083506511683481e+02
3.538994168867499752e+02
3.535064520694209023e+02
3.558018649482685873e+02
3.570058835205484229e+02
3.563562169727539981e+02
3.578862020757651408e+02
3.578514096356720984e+02
3.588121575946763642e+02
3.600595831802912699e+02
3.603617501771053639e+02
3.633072918238026432e+02
3.625519529001290948e+02
3.645757909214496522e+02
3.647183931287863743e+02
3.646869985165204184e+02
3.654178798843661866e+02
3.731451925074523501e+02
3.678607022671669711e+02
3.723310806577828771e+02
3.689266930506396420e+02
3.696589764393481801e+02
3.702650894035505758e+02
3.706310967659826474e+02
3.730931887600129357e+02
3.730712415392757748e+02
3.725491135688343434e+02
3.778402308371772165e+02
3.769161559517317528e+02
3.803789966965356939e+02
3.775698526420518988e+02
3.755263870873902192e+02
3.794959832155869321e+02
3.827755273483476799e+02
3.830803648508089054e+02
3.848749751422634517e+02
3.821795178626132383e+02
3.823306139386675113e+02
3.812517489439073870e+02
3.875131638432064847e+02
3.862746614844364217e+02
3.886337663668719529e+02
3.887304627858170534e+02
3.882390505046807903e+02
3.890448985990908000e+02
3.922021705376557748e+02
3.940362639275080596e+02
3.967970146251067263e+02
3.930261287678859503e+02
3.960359474799321333e+02
3.956511403033387637e+02
4.000578664308560519e+02
3.971756986752073431e+02
3.964896207294074202e+02
3.986077825445354392e+02
3.993960440066320530e+02
4.007926701868259443e+02
3.966206021758170550e+02
4.014917863599393399e+02
4.056803000683814844e+02
4.016556986882788465e+02
4.085641826227629849e+02
4.064611085942303248e+02
4.054958605356245016e+02
4.092790655101199491e+02
4.110691937261931344e+02
4.085171693160771156e+02
4.082252839341641106e+02
4.147314959574189288e+02
4.165660512381485887e+02
4.145171184855166757e+02
4.159990966377407631e+02
4.180345274426558149e+02
4.120663131533772798e+02
4.189161438721646959e+02
4.171254672070775769e+02
4.175373465555577468e+02
4.188921201194158925e+02
4.202139979206754674e+02
4.235254837919150077e+02
4.216380369379621698e+02
4.250665659978313897e+02
4.235958011440029054e+02
4.231791121408818412e+02
4.286320753956830458e+02
4.231496548295181697e+02
4.292483143064424667e+02
4.287527295254683963e+02
4.318307930384958127e+02
4.293147378636732014e+02
4.321655296135277808e+02
4.321048049534461484e+02
4.365050389419438943e+02
4.366314078489987196e+02
4.349130501045765982e+02
4.357017842247756789e+02
4.412858557256861900e+02
4.380615040290427373e+02
4.418743726513163779e+02
4.386271800192419619e+02
4.439729384529711638e+02
4.472908021797095444e+02
4.434912819323023996e+02
4.446161238069693695e+02
4.467391792448784145e+02
4.440837737750077281e+02
4.487752512315686317e+02
4.467576249091654859e+02
4.496095054702036578e+02
4.470881831056609599e+02
4.521494437511223055e+02
4.531201501277887473e+02
4.536466951170779680e+02
4.523173909124537317e+02
4.563438320746770955e+02
4.575672300750576369e+02
4.553413593573251887e+02
4.570431264091690196e+02
4.577735491287583613e+02
4.603423082001501712e+02
4.614434542498938754e+02
4.632341750367563691e+02
4.612162165184955711e+02
4.650187453290299686e+02
4.646909874535923564e+02
4.648791887085137091e+02
4.655044754735721995e+02
4.656715681607924466e+02
4.688941422284597706e+02
4.717731543855666700e+02
4.691438988879177714e+02
4.736181386260414570e+02
4.702713323278656503e+02
4.718694523264196050e+02
4.709907852164735687e+02
4.724743616229596910e+02
4.778206782753146058e+02
4.775869713970787416e+02
4.825166059634707381e+02
4.788238689067640053e+02
4.801110045277245035e+02
4.795955383325448338e+02
4.845921995369163255e+02
4.815295459042999937e+02
4.834654513676881038e+02
4.819479429977162113e+02
4.850073764224104025e+02
4.893978125648692412e+02
4.886837577852140839e+02
4.852750320975869158e+02
4.889800683535840449e+02
4.898272203156035971e+02
4.932959583693415766e+02
4.922217502626374994e+02
4.914221796004283647e+02
4.953624010187364206e+02
4.957814881195683370e+02
5.000093179500148040e+02
4.965371019594711584e+02
4.969232100936876577e+02
4.990011244180964809e+02
